YAML:1.0
---
threshold: 1.7976931348623157e+308
radius: 1
neighbors: 8
grid_x: 8
grid_y: 8
histograms:
   - !!opencv-matrix
      rows: 1
      cols: 16384
      dt: f
      data: [ 4.66798171e-02, 9.20447148e-03, 1.31492445e-03,
          5.91715984e-03, 1.11768581e-02, 1.31492445e-03, 4.60223574e-03,
          8.54700897e-03, 3.28731118e-03, 0., 0., 0., 4.60223574e-03,
          1.31492445e-03, 5.91715984e-03, 3.94477323e-03, 2.30111778e-02,
          4.60223574e-03, 6.57462224e-04, 1.31492445e-03, 0., 0.,
          1.97238661e-03, 1.97238661e-03, 1.38067063e-02, 1.97238661e-03,
          0., 0., 4.14201207e-02, 5.25969779e-03, 4.01051939e-02,
